MICRO
m00 00000 000 000 111 000 011 0000 0001 00 0111010111	// Bootstrap
m01 00000 000 000 000 000 001 0000 0000 00 0010000000
m02 00000 000 000 101 000 011 0001 0001 01 0111011110	// LDA $K
m03 00000 000 000 111 000 011 0000 0010 00 0110011101
m04 00000 000 000 100 000 001 0010 0000 00 0111011111
m05 00000 000 000 111 000 011 0000 0000 00 0110011101
m06 00000 000 000 101 000 011 0001 0001 01 0111011110
m07 00000 000 000 000 000 001 0000 0000 00 0010000000
m08 00000 000 000 101 000 011 0001 0001 01 0111011110	// ADD $K
m09 00000 000 000 111 000 011 0000 0010 00 0110011101
m0a 00000 000 000 100 000 001 0010 0000 00 0111011111
m0b 00000 000 000 101 000 011 0000 0000 00 0110011101
m0c 00000 000 000 101 000 011 0001 0001 01 0111011110
m0d 00000 000 000 000 000 001 0000 0000 00 0010000000
m0e 00000 000 000 101 000 011 0001 0001 01 0111011110	// STA $K 
m0f 00000 000 000 111 000 011 0000 0010 00 0110011101
m10 00000 000 000 100 000 001 0010 0000 00 0111011111
m11 00000 000 000 100 000 001 0000 0000 00 0100011111
m12 00000 000 000 101 000 011 0001 0001 01 0111011110
m13 00000 000 000 000 000 001 0000 0000 00 0010000000

MAPPER
m00 02	// LDA $K
m01 08	// ADD $K
m02 0e	// STA $K

MAIN
m00 00
m01 08
m02 01
m03 09
m04 02
m05 0a
m06 f0
m07 ff
m08 03	//perioxh dedomenwn
m09 02
m0a 01