MICRO
m00 00000 000 000 111 000 011 0000 0001 00 0111010111  BOOTSTRAP
m01 00000 000 000 000 000 001 0000 0000 00 0110001111
m02 00000 000 000 101 000 011 0001 0001 01 0111011110  LDA $K, X
m03 00000 000 000 101 000 001 0010 0000 00 0011011101
m04 00000 000 000 111 000 011 0000 0000 00 0110011101
m05 00000 000 000 101 000 011 0001 0001 01 0111011110
m06 00000 000 000 000 000 001 0000 0000 00 0110001111
m07 00000 000 000 101 000 011 0001 0001 01 0111011110  LDX #K
m08 00000 000 000 111 000 011 0000 0010 00 0110011101
m09 00000 000 000 101 000 011 0001 0001 01 0111011110
m0a 00000 000 000 000 000 001 0000 0000 00 0110001111
m0b 00000 000 000 101 000 011 0010 0010 01 0110011110  INX
m0c 00000 000 000 101 000 011 0001 0001 01 0111011110
m0d 00000 000 000 000 000 001 0000 0000 00 0110001111
m0e 00000 000 000 101 000 011 0001 0001 01 0111011110  CMPX #Y
m0f 00000 000 000 101 010 001 0010 0000 00 0010111101
m10 00000 000 000 101 000 011 0001 0001 01 0111011110
m11 00000 000 000 000 000 001 0000 0000 00 0110001111
m12 00000 000 000 101 000 011 0001 0001 01 0111011110  STA $K, X
m13 00000 000 000 101 000 001 0010 0000 00 0111011101
m14 00000 000 000 100 000 001 0000 0000 00 0000011111
m15 00000 000 000 101 000 011 0001 0001 01 0111011110
m16 00000 000 000 000 000 001 0000 0000 00 0110001111
m17 00000 000 000 101 000 011 0001 0001 01 0111011110  ADC $K, X
m18 00000 000 000 101 000 001 0010 0000 00 0111011101
m19 00000 000 000 101 000 011 0000 0000 00 0110011001
m1a 00000 000 000 101 000 011 0001 0001 01 0111011110
m1b 00000 000 000 000 000 001 0000 0000 00 0110001111
m1c 00000 000 000 111 000 001 0000 0000 00 0010111110  CRC
m1d 00000 000 000 101 000 011 0001 0001 01 0111011110
m1e 00000 000 000 000 000 001 0000 0000 00 0110001111
m1f 00100 011 011 111 000 001 0000 0000 00 0010011110  BRNZ $K
m20 00000 000 000 101 000 011 0001 0001 01 0111011110
m21 00000 000 000 111 000 011 0000 0001 00 0111011101
m22 00000 000 000 000 000 001 0000 0000 00 0110001111
m23 00000 000 000 101 000 011 0001 0001 10 0111011110
m24 00000 000 000 000 000 001 0000 0000 00 0110001111
m25 00000 000 000 101 000 011 0001 0001 00 0111011110  HALT
m26 00000 000 000 000 000 001 0000 0000 00 0110001111
m27 00000 000 000 100 000 111 0000 0000 00 0110011111  SHLA
m28 00000 000 000 101 000 011 0001 0001 01 0111011110
m29 00000 000 000 000 000 001 0000 0000 00 0110001111

MAPPER
m00 02  entolh LDA $K,X
m01 07  entolh LDX #K
m02 0b  entolh INX
m03 0e  entolh CMPX #Y
m04 12  entolh STA $K,X
m05 17  entolh ADC $K,X
m06 1c  entolh CRC
m07 1f  entolh BRNZ $K
m08 25  entolh HALT
m09 27  entolh SHLA

MAIN
m00 01  opcode LDX #K
m01 00
m02 06  opcode CRC 
m03 00  opcode LDA $K, X
m04 10 
m05 09  opcode SHLA
m06 05  opcode ADC #K, X
m07 20 
m08 04  opcode STA $K, X
m09 30 
m0a 02  opcode INX
m0b 03  opcode CMPX #Y
m0c 08 
m0d 07  opcode BRNZ $K
m0e 02 
m0f 08  opcode HALT
m10 01  periexomeno z
m11 02
m12 03
m13 04
m14 05
m15 06
m16 07
m17 08
m20 09  periexomeno y
m21 08
m22 07
m23 06
m24 05
m25 04
m26 03
m27 02
m30 00  periexomeno w
m31 00
m32 00
m33 00
m34 00
m35 00
m36 00
m37 00